+----------+
| plant_id |
+----------+
|   428    |
|   502    |
|   540    |
|   546    |
|   549    |
|   549    |
|   628    |
|   667    |
|   710    |
|   711    |
|   712    |
|   714    |
|   717    |
|   717    |
|   727    |
|   747    |
|   855    |
|   856    |
|   1023   |
|   1025   |
|   1031   |
|   1036   |
|   1149   |
|   1150   |
|   1192   |
|   1194   |
|   1196   |
|   1199   |
|   1199   |
|   1202   |
|   1203   |
|   1208   |
|   1208   |
|   1209   |
|   1210   |
|   1212   |
|   1213   |
|   1216   |
|   1216   |
|   1217   |
|   1218   |
|   1220   |
|   1224   |
|   1224   |
|   1225   |
|   1457   |
|   1469   |
|   1469   |
|   1598   |
|   1822   |
|   1845   |
|   1846   |
|   1870   |
|   1870   |
|   1873   |
|   1971   |
|   1993   |
|   2000   |
|   2193   |
|   2242   |
|   2242   |
|   2275   |
|   2277   |
|   2277   |
|   2287   |
|   2289   |
|   2294   |
|   2294   |
|   2322   |
|   2323   |
|   2468   |
|   2528   |
|   2532   |
|   2532   |
|   2568   |
|   2774   |
|   2774   |
|   2885   |
|   2915   |
|   2954   |
|   2957   |
|   2965   |
|   2965   |
|   2976   |
+----------+